wavelength   n
4.892429e-01 2.575655e+00
4.904403e-01 2.575112e+00
4.916377e-01 2.574568e+00
4.928352e-01 2.574024e+00
4.940326e-01 2.573481e+00
4.952300e-01 2.572937e+00
4.964394e-01 2.572388e+00
4.976369e-01 2.571844e+00
4.988343e-01 2.571315e+00
5.000318e-01 2.570788e+00
5.012292e-01 2.570260e+00
5.024266e-01 2.569733e+00
5.036241e-01 2.569205e+00
5.048215e-01 2.568677e+00
5.060189e-01 2.568150e+00
5.072164e-01 2.567657e+00
5.084258e-01 2.567172e+00
5.096232e-01 2.566692e+00
5.108207e-01 2.566212e+00
5.120181e-01 2.565732e+00
5.132155e-01 2.565252e+00
5.144130e-01 2.564772e+00
5.156104e-01 2.564299e+00
5.168078e-01 2.563834e+00
5.180053e-01 2.563370e+00
5.192027e-01 2.562906e+00
5.204121e-01 2.562437e+00
5.216096e-01 2.561973e+00
5.228070e-01 2.561508e+00
5.240044e-01 2.561044e+00
5.252019e-01 2.560594e+00
5.263993e-01 2.560145e+00
5.275967e-01 2.559696e+00
5.287942e-01 2.559247e+00
5.299916e-01 2.558798e+00
5.311891e-01 2.558349e+00
5.323985e-01 2.557895e+00
5.335959e-01 2.557461e+00
5.347933e-01 2.557051e+00
5.359908e-01 2.556641e+00
5.371882e-01 2.556230e+00
5.383857e-01 2.555820e+00
5.395831e-01 2.555410e+00
5.407805e-01 2.555000e+00
5.419780e-01 2.554590e+00
5.431754e-01 2.554194e+00
5.443848e-01 2.553801e+00
5.455822e-01 2.553412e+00
5.467797e-01 2.553023e+00
5.479771e-01 2.552634e+00
5.491746e-01 2.552246e+00
5.503720e-01 2.551857e+00
5.515694e-01 2.551468e+00
5.527669e-01 2.551095e+00
5.539643e-01 2.550726e+00
5.551617e-01 2.550357e+00
5.563711e-01 2.549984e+00
5.575686e-01 2.549615e+00
5.587660e-01 2.549246e+00
5.599635e-01 2.548877e+00
5.611609e-01 2.548508e+00
5.623583e-01 2.548154e+00
5.635558e-01 2.547804e+00
5.647532e-01 2.547454e+00
5.659506e-01 2.547104e+00
5.671481e-01 2.546754e+00
5.683575e-01 2.546400e+00
5.695549e-01 2.546050e+00
5.707524e-01 2.545699e+00
5.719498e-01 2.545360e+00
5.731472e-01 2.545026e+00
5.743447e-01 2.544691e+00
5.755421e-01 2.544357e+00
5.767395e-01 2.544022e+00
5.779370e-01 2.543688e+00
5.791344e-01 2.543353e+00
5.803438e-01 2.543015e+00
5.815413e-01 2.542690e+00
5.827387e-01 2.542378e+00
5.839361e-01 2.542065e+00
5.851336e-01 2.541752e+00
5.863310e-01 2.541439e+00
5.875285e-01 2.541126e+00
5.887259e-01 2.540814e+00
5.899233e-01 2.540501e+00
5.911208e-01 2.540189e+00
5.923302e-01 2.539893e+00
5.935276e-01 2.539600e+00
5.947250e-01 2.539308e+00
5.959225e-01 2.539015e+00
5.971199e-01 2.538722e+00
5.983174e-01 2.538430e+00
5.995148e-01 2.538137e+00
6.007122e-01 2.537844e+00
6.019097e-01 2.537558e+00
6.031071e-01 2.537278e+00
6.043165e-01 2.536995e+00
6.055140e-01 2.536715e+00
6.067114e-01 2.536435e+00
6.079088e-01 2.536155e+00
6.091063e-01 2.535875e+00
6.103037e-01 2.535595e+00
6.115011e-01 2.535315e+00
6.126986e-01 2.535043e+00
6.138960e-01 2.534773e+00
6.150934e-01 2.534503e+00
6.163029e-01 2.534231e+00
6.175003e-01 2.533961e+00
6.186977e-01 2.533691e+00
6.198952e-01 2.533422e+00
6.210926e-01 2.533152e+00
6.222900e-01 2.532882e+00
6.234875e-01 2.532631e+00
6.246849e-01 2.532381e+00
6.258823e-01 2.532131e+00
6.270798e-01 2.531881e+00
6.282772e-01 2.531631e+00
6.294866e-01 2.531379e+00
6.306841e-01 2.531129e+00
6.318815e-01 2.530879e+00
6.330789e-01 2.530629e+00
6.342764e-01 2.530391e+00
6.354738e-01 2.530153e+00
6.366713e-01 2.529915e+00
6.378687e-01 2.529678e+00
6.390661e-01 2.529440e+00
6.402636e-01 2.529202e+00
6.414730e-01 2.528962e+00
6.426704e-01 2.528724e+00
6.438678e-01 2.528487e+00
6.450653e-01 2.528259e+00
6.462627e-01 2.528034e+00
6.474602e-01 2.527810e+00
6.486576e-01 2.527585e+00
6.498550e-01 2.527360e+00
6.510525e-01 2.527136e+00
6.522499e-01 2.526911e+00
6.534593e-01 2.526684e+00
6.546568e-01 2.526460e+00
6.558542e-01 2.526244e+00
6.570516e-01 2.526037e+00
6.582491e-01 2.525831e+00
6.594465e-01 2.525625e+00
6.606439e-01 2.525419e+00
6.618414e-01 2.525213e+00
6.630388e-01 2.525007e+00
6.642362e-01 2.524801e+00
6.654457e-01 2.524593e+00
6.666431e-01 2.524387e+00
6.678405e-01 2.524184e+00
6.690380e-01 2.523982e+00
6.702354e-01 2.523779e+00
6.714328e-01 2.523576e+00
6.726303e-01 2.523374e+00
6.738277e-01 2.523171e+00
6.750251e-01 2.522969e+00
6.762226e-01 2.522766e+00
6.774320e-01 2.522562e+00
6.786294e-01 2.522362e+00
6.798269e-01 2.522170e+00
6.810243e-01 2.521977e+00
6.822217e-01 2.521785e+00
6.834192e-01 2.521592e+00
6.846166e-01 2.521399e+00
6.858141e-01 2.521207e+00
6.870115e-01 2.521014e+00
6.882089e-01 2.520822e+00
6.894183e-01 2.520627e+00
6.906158e-01 2.520443e+00
6.918132e-01 2.520266e+00
6.930106e-01 2.520088e+00
6.942081e-01 2.519911e+00
6.954055e-01 2.519734e+00
6.966030e-01 2.519556e+00
6.978004e-01 2.519379e+00
6.989978e-01 2.519202e+00
7.001953e-01 2.519024e+00
7.014047e-01 2.518845e+00
7.026021e-01 2.518671e+00
7.037996e-01 2.518499e+00
7.049970e-01 2.518328e+00
7.061944e-01 2.518156e+00
7.073919e-01 2.517984e+00
7.085893e-01 2.517812e+00
7.097867e-01 2.517640e+00
7.109842e-01 2.517469e+00
7.121816e-01 2.517297e+00
7.133910e-01 2.517123e+00
7.145885e-01 2.516954e+00
7.157859e-01 2.516789e+00
7.169833e-01 2.516623e+00
7.181808e-01 2.516458e+00
7.193782e-01 2.516293e+00
7.205756e-01 2.516128e+00
7.217731e-01 2.515962e+00
7.229705e-01 2.515797e+00
7.241680e-01 2.515632e+00
7.253774e-01 2.515465e+00
7.265748e-01 2.515301e+00
7.277722e-01 2.515150e+00
7.289697e-01 2.515000e+00
7.301671e-01 2.514849e+00
7.313645e-01 2.514698e+00
7.325620e-01 2.514548e+00
7.337594e-01 2.514397e+00
7.349569e-01 2.514247e+00
7.361543e-01 2.514096e+00
7.373637e-01 2.513944e+00
7.385611e-01 2.513794e+00
7.397586e-01 2.513646e+00
7.409560e-01 2.513502e+00
7.421534e-01 2.513358e+00
7.433509e-01 2.513213e+00
7.445483e-01 2.513069e+00
7.457458e-01 2.512924e+00
7.469432e-01 2.512780e+00
7.481406e-01 2.512635e+00
7.493500e-01 2.512489e+00
7.505475e-01 2.512345e+00
7.517449e-01 2.512200e+00
7.529424e-01 2.512059e+00
7.541398e-01 2.511918e+00
7.553372e-01 2.511776e+00
7.565347e-01 2.511635e+00
7.577321e-01 2.511494e+00
7.589295e-01 2.511353e+00
7.601270e-01 2.511211e+00
7.613244e-01 2.511070e+00
7.625338e-01 2.510928e+00
7.637313e-01 2.510786e+00
7.649287e-01 2.510645e+00
7.661261e-01 2.510518e+00
7.673236e-01 2.510391e+00
7.685210e-01 2.510264e+00
7.697184e-01 2.510137e+00
7.709159e-01 2.510010e+00
7.721133e-01 2.509883e+00
7.733108e-01 2.509756e+00
7.745202e-01 2.509628e+00
7.757176e-01 2.509501e+00
7.769150e-01 2.509374e+00
7.781125e-01 2.509247e+00
7.793099e-01 2.509124e+00
7.805073e-01 2.509001e+00
7.817048e-01 2.508878e+00
7.829022e-01 2.508755e+00
7.840997e-01 2.508633e+00
7.852971e-01 2.508510e+00
7.865065e-01 2.508386e+00
7.877039e-01 2.508263e+00
7.889014e-01 2.508141e+00
7.900988e-01 2.508018e+00
7.912963e-01 2.507895e+00
7.924937e-01 2.507775e+00
7.936911e-01 2.507656e+00
7.948886e-01 2.507536e+00
7.960860e-01 2.507417e+00
7.972834e-01 2.507298e+00
7.984928e-01 2.507177e+00
7.996903e-01 2.507058e+00
8.008877e-01 2.506939e+00
8.020852e-01 2.506819e+00
8.032826e-01 2.506700e+00
8.044800e-01 2.506581e+00
8.056775e-01 2.506464e+00
8.068749e-01 2.506356e+00
8.080723e-01 2.506249e+00
8.092698e-01 2.506141e+00
8.104792e-01 2.506033e+00
8.116766e-01 2.505925e+00
8.128741e-01 2.505818e+00
8.140715e-01 2.505711e+00
8.152689e-01 2.505603e+00
8.164664e-01 2.505496e+00
8.176638e-01 2.505388e+00
8.188612e-01 2.505281e+00
8.200587e-01 2.505172e+00
8.212561e-01 2.505063e+00
8.224655e-01 2.504952e+00
8.236630e-01 2.504843e+00
8.248604e-01 2.504734e+00
8.260578e-01 2.504624e+00
8.272553e-01 2.504515e+00
8.284527e-01 2.504406e+00
8.296501e-01 2.504296e+00
8.308476e-01 2.504187e+00
8.320450e-01 2.504078e+00
8.332425e-01 2.503968e+00
8.344519e-01 2.503864e+00
8.356493e-01 2.503763e+00
8.368467e-01 2.503662e+00
8.380442e-01 2.503561e+00
8.392416e-01 2.503460e+00
8.404391e-01 2.503359e+00
8.416365e-01 2.503258e+00
8.428339e-01 2.503157e+00
8.440314e-01 2.503056e+00
8.452288e-01 2.502954e+00
8.464382e-01 2.502852e+00
8.476356e-01 2.502751e+00
8.488331e-01 2.502659e+00
8.500305e-01 2.502572e+00
8.512280e-01 2.502484e+00
8.524254e-01 2.502396e+00
8.536228e-01 2.502309e+00
8.548203e-01 2.502221e+00
8.560177e-01 2.502134e+00
8.572151e-01 2.502046e+00
8.584246e-01 2.501958e+00
8.596220e-01 2.501870e+00
8.608194e-01 2.501782e+00
8.620169e-01 2.501695e+00
8.632143e-01 2.501605e+00
8.644117e-01 2.501512e+00
8.656092e-01 2.501419e+00
8.668066e-01 2.501326e+00
8.680040e-01 2.501233e+00
8.692015e-01 2.501141e+00
8.704109e-01 2.501047e+00
8.716083e-01 2.500954e+00
8.728058e-01 2.500861e+00
8.740032e-01 2.500768e+00
8.752006e-01 2.500675e+00
8.763981e-01 2.500582e+00
8.775955e-01 2.500489e+00
8.787929e-01 2.500406e+00
8.799904e-01 2.500324e+00
8.811878e-01 2.500242e+00
8.823972e-01 2.500159e+00
8.835947e-01 2.500077e+00
8.847921e-01 2.499994e+00
8.859895e-01 2.499912e+00
8.871870e-01 2.499830e+00
8.883844e-01 2.499748e+00
8.895819e-01 2.499666e+00
8.907793e-01 2.499583e+00
8.919767e-01 2.499501e+00
8.931742e-01 2.499420e+00
8.943716e-01 2.499340e+00
8.955810e-01 2.499260e+00
8.967784e-01 2.499180e+00
8.979759e-01 2.499101e+00
8.991733e-01 2.499022e+00
9.003708e-01 2.498942e+00
9.015682e-01 2.498863e+00
9.027656e-01 2.498783e+00
9.039631e-01 2.498704e+00
9.051605e-01 2.498625e+00
9.063579e-01 2.498545e+00
9.075674e-01 2.498465e+00
9.087648e-01 2.498386e+00
9.099622e-01 2.498310e+00
9.111597e-01 2.498233e+00
9.123571e-01 2.498156e+00
9.135545e-01 2.498079e+00
9.147520e-01 2.498003e+00
9.159494e-01 2.497926e+00
9.171468e-01 2.497849e+00
9.183443e-01 2.497773e+00
9.195537e-01 2.497695e+00
9.207511e-01 2.497618e+00
9.219486e-01 2.497542e+00
9.231460e-01 2.497465e+00
9.243434e-01 2.497389e+00
9.255409e-01 2.497315e+00
9.267383e-01 2.497240e+00
9.279357e-01 2.497166e+00
9.291332e-01 2.497092e+00
9.303306e-01 2.497018e+00
9.315400e-01 2.496943e+00
9.327375e-01 2.496869e+00
9.339349e-01 2.496795e+00
9.351323e-01 2.496721e+00
9.363298e-01 2.496647e+00
9.375272e-01 2.496573e+00
9.387247e-01 2.496498e+00
9.399221e-01 2.496424e+00
9.411195e-01 2.496353e+00
9.423170e-01 2.496282e+00
9.435264e-01 2.496210e+00
9.447238e-01 2.496140e+00
9.459212e-01 2.496069e+00
9.471187e-01 2.495998e+00
9.483161e-01 2.495927e+00
9.495136e-01 2.495856e+00
9.507110e-01 2.495786e+00
9.519084e-01 2.495715e+00
9.531059e-01 2.495644e+00
9.543033e-01 2.495573e+00
9.555127e-01 2.495502e+00
9.567102e-01 2.495432e+00
9.579076e-01 2.495369e+00
9.591050e-01 2.495306e+00
9.603025e-01 2.495243e+00
9.614999e-01 2.495180e+00
9.626973e-01 2.495117e+00
9.638948e-01 2.495054e+00
9.650922e-01 2.494991e+00
9.662896e-01 2.494928e+00
9.674991e-01 2.494864e+00
9.686965e-01 2.494801e+00
9.698939e-01 2.494738e+00
9.710914e-01 2.494675e+00
9.722888e-01 2.494612e+00
9.734862e-01 2.494550e+00
9.746837e-01 2.494491e+00
9.758811e-01 2.494432e+00
9.770786e-01 2.494373e+00
9.782760e-01 2.494314e+00
9.794854e-01 2.494255e+00
9.806828e-01 2.494195e+00
9.818803e-01 2.494136e+00
9.830777e-01 2.494077e+00
9.842751e-01 2.494018e+00
9.854726e-01 2.493959e+00
9.866700e-01 2.493900e+00
9.878675e-01 2.493841e+00
9.890649e-01 2.493782e+00
9.902623e-01 2.493723e+00
9.914717e-01 2.493665e+00
9.926692e-01 2.493608e+00
9.938666e-01 2.493550e+00
9.950640e-01 2.493492e+00
9.962615e-01 2.493435e+00
9.974589e-01 2.493377e+00
9.986564e-01 2.493319e+00
9.998538e-01 2.493262e+00
1.001051e+00 2.493204e+00
1.002249e+00 2.493146e+00
1.003458e+00 2.493088e+00
1.004656e+00 2.493031e+00
1.005853e+00 2.492973e+00
1.007050e+00 2.492915e+00
1.008248e+00 2.492860e+00
1.009445e+00 2.492804e+00
1.010643e+00 2.492749e+00
1.011840e+00 2.492693e+00
1.013038e+00 2.492638e+00
1.014235e+00 2.492582e+00
1.015444e+00 2.492526e+00
1.016642e+00 2.492470e+00
1.017839e+00 2.492415e+00
1.019037e+00 2.492359e+00
1.020234e+00 2.492304e+00
1.021432e+00 2.492248e+00
1.022629e+00 2.492193e+00
1.023826e+00 2.492137e+00
1.025024e+00 2.492082e+00
1.026221e+00 2.492028e+00
1.027419e+00 2.491974e+00
1.028628e+00 2.491920e+00
1.029826e+00 2.491866e+00
1.031023e+00 2.491812e+00
1.032221e+00 2.491758e+00
1.033418e+00 2.491704e+00
1.034615e+00 2.491649e+00
1.035813e+00 2.491595e+00
1.037010e+00 2.491541e+00
1.038208e+00 2.491487e+00
1.039405e+00 2.491433e+00
1.040615e+00 2.491379e+00
1.041812e+00 2.491325e+00
1.043009e+00 2.491272e+00
1.044207e+00 2.491219e+00
1.045404e+00 2.491167e+00
1.046602e+00 2.491115e+00
1.047799e+00 2.491063e+00
1.048997e+00 2.491010e+00
1.050194e+00 2.490958e+00
1.051391e+00 2.490906e+00
1.052601e+00 2.490853e+00
1.053798e+00 2.490801e+00
1.054996e+00 2.490748e+00
1.056193e+00 2.490696e+00
1.057391e+00 2.490644e+00
1.058588e+00 2.490592e+00
1.059786e+00 2.490539e+00
1.060983e+00 2.490489e+00
1.062180e+00 2.490440e+00
1.063378e+00 2.490392e+00
1.064587e+00 2.490342e+00
1.065785e+00 2.490294e+00
1.066982e+00 2.490245e+00
1.068180e+00 2.490197e+00
1.069377e+00 2.490148e+00
1.070574e+00 2.490099e+00
1.071772e+00 2.490051e+00
1.072969e+00 2.490002e+00
1.074167e+00 2.489953e+00
1.075364e+00 2.489905e+00
1.076574e+00 2.489856e+00
1.077771e+00 2.489807e+00
1.078968e+00 2.489759e+00
1.080166e+00 2.489717e+00
1.081363e+00 2.489674e+00
1.082561e+00 2.489632e+00
1.083758e+00 2.489589e+00
1.084956e+00 2.489547e+00
1.086153e+00 2.489504e+00
1.087350e+00 2.489461e+00
1.088560e+00 2.489418e+00
1.089757e+00 2.489376e+00
1.090955e+00 2.489333e+00
1.092152e+00 2.489291e+00
1.093350e+00 2.489248e+00
1.094547e+00 2.489206e+00
1.095745e+00 2.489163e+00
1.096942e+00 2.489120e+00
1.098139e+00 2.489079e+00
1.099337e+00 2.489038e+00
1.100546e+00 2.488996e+00
1.101744e+00 2.488955e+00
1.102941e+00 2.488914e+00
1.104139e+00 2.488873e+00
1.105336e+00 2.488832e+00
1.106533e+00 2.488790e+00
1.107731e+00 2.488749e+00
1.108928e+00 2.488708e+00
1.110126e+00 2.488667e+00
1.111323e+00 2.488626e+00
1.112533e+00 2.488584e+00
1.113730e+00 2.488543e+00
1.114927e+00 2.488502e+00
1.116125e+00 2.488461e+00
1.117322e+00 2.488421e+00
1.118520e+00 2.488381e+00
1.119717e+00 2.488341e+00
1.120915e+00 2.488301e+00
1.122112e+00 2.488260e+00
1.123310e+00 2.488220e+00
1.124519e+00 2.488180e+00
1.125716e+00 2.488140e+00
1.126914e+00 2.488100e+00
1.128111e+00 2.488060e+00
1.129309e+00 2.488020e+00
1.130506e+00 2.487980e+00
1.131704e+00 2.487940e+00
1.132901e+00 2.487900e+00
1.134098e+00 2.487859e+00
1.135296e+00 2.487819e+00
1.136505e+00 2.487779e+00
1.137703e+00 2.487740e+00
1.138900e+00 2.487700e+00
1.140098e+00 2.487661e+00
1.141295e+00 2.487622e+00
1.142492e+00 2.487582e+00
1.143690e+00 2.487543e+00
1.144887e+00 2.487503e+00
1.146085e+00 2.487464e+00
1.147282e+00 2.487425e+00
1.148492e+00 2.487385e+00
1.149689e+00 2.487346e+00
1.150886e+00 2.487306e+00
1.152084e+00 2.487267e+00
1.153281e+00 2.487227e+00
1.154479e+00 2.487188e+00
1.155676e+00 2.487149e+00
1.156874e+00 2.487110e+00
1.158071e+00 2.487072e+00
1.159269e+00 2.487034e+00
1.160466e+00 2.486996e+00
1.161675e+00 2.486957e+00
1.162873e+00 2.486919e+00
1.164070e+00 2.486881e+00
1.165268e+00 2.486842e+00
1.166465e+00 2.486804e+00
1.167663e+00 2.486766e+00
1.168860e+00 2.486728e+00
1.170057e+00 2.486689e+00
1.171255e+00 2.486651e+00
1.172452e+00 2.486613e+00
1.173662e+00 2.486574e+00
1.174859e+00 2.486536e+00
1.176057e+00 2.486500e+00
1.177254e+00 2.486468e+00
1.178451e+00 2.486437e+00
1.179649e+00 2.486405e+00
1.180846e+00 2.486373e+00
1.182044e+00 2.486341e+00
1.183241e+00 2.486309e+00
1.184439e+00 2.486277e+00
1.185648e+00 2.486245e+00
1.186846e+00 2.486213e+00
1.188043e+00 2.486181e+00
1.189240e+00 2.486150e+00
1.190438e+00 2.486118e+00
1.191635e+00 2.486086e+00
1.192833e+00 2.486054e+00
1.194030e+00 2.486022e+00
1.195228e+00 2.485990e+00
1.196425e+00 2.485958e+00
1.197634e+00 2.485923e+00
1.198832e+00 2.485889e+00
1.200029e+00 2.485855e+00
1.201227e+00 2.485821e+00
1.202424e+00 2.485787e+00
1.203622e+00 2.485752e+00
1.204819e+00 2.485718e+00
1.206016e+00 2.485684e+00
1.207214e+00 2.485650e+00
1.208411e+00 2.485616e+00
1.209621e+00 2.485581e+00
1.210818e+00 2.485547e+00
1.212016e+00 2.485513e+00
1.213213e+00 2.485479e+00
1.214410e+00 2.485445e+00
1.215608e+00 2.485411e+00
1.216805e+00 2.485377e+00
1.218003e+00 2.485347e+00
1.219200e+00 2.485317e+00
1.220398e+00 2.485287e+00
1.221607e+00 2.485257e+00
1.222805e+00 2.485227e+00
1.224002e+00 2.485197e+00
1.225199e+00 2.485167e+00
1.226397e+00 2.485137e+00
1.227594e+00 2.485107e+00
1.228792e+00 2.485077e+00
1.229989e+00 2.485047e+00
1.231187e+00 2.485017e+00
1.232384e+00 2.484987e+00
1.233593e+00 2.484956e+00
1.234791e+00 2.484926e+00
1.235988e+00 2.484896e+00
1.237186e+00 2.484866e+00
1.238383e+00 2.484835e+00
1.239581e+00 2.484803e+00
1.240778e+00 2.484771e+00
1.241975e+00 2.484739e+00
1.243173e+00 2.484707e+00
1.244370e+00 2.484675e+00
1.245580e+00 2.484643e+00
1.246777e+00 2.484611e+00
1.247975e+00 2.484579e+00
1.249172e+00 2.484547e+00
1.250370e+00 2.484515e+00
1.251567e+00 2.484483e+00
1.252764e+00 2.484451e+00
1.253962e+00 2.484419e+00
1.255159e+00 2.484387e+00
1.256357e+00 2.484355e+00
1.257566e+00 2.484323e+00
1.258764e+00 2.484291e+00
1.259961e+00 2.484262e+00
1.261158e+00 2.484235e+00
1.262356e+00 2.484208e+00
1.263553e+00 2.484181e+00
1.264751e+00 2.484155e+00
1.265948e+00 2.484128e+00
1.267146e+00 2.484101e+00
1.268343e+00 2.484074e+00
1.269552e+00 2.484047e+00
1.270750e+00 2.484020e+00
1.271947e+00 2.483993e+00
1.273145e+00 2.483966e+00
1.274342e+00 2.483939e+00
1.275540e+00 2.483913e+00
1.276737e+00 2.483886e+00
1.277935e+00 2.483859e+00
1.279132e+00 2.483832e+00
1.280329e+00 2.483805e+00
1.281539e+00 2.483778e+00
1.282736e+00 2.483752e+00
1.283934e+00 2.483726e+00
1.285131e+00 2.483701e+00
1.286329e+00 2.483675e+00
1.287526e+00 2.483649e+00
1.288723e+00 2.483623e+00
1.289921e+00 2.483597e+00
1.291118e+00 2.483571e+00
1.292316e+00 2.483545e+00
1.293513e+00 2.483519e+00
1.294723e+00 2.483493e+00
1.295920e+00 2.483467e+00
1.297117e+00 2.483441e+00
1.298315e+00 2.483415e+00
1.299512e+00 2.483389e+00
1.300710e+00 2.483364e+00
1.301907e+00 2.483338e+00
1.303105e+00 2.483312e+00
1.304302e+00 2.483287e+00
1.305500e+00 2.483262e+00
1.306709e+00 2.483236e+00
1.307906e+00 2.483211e+00
1.309104e+00 2.483186e+00
1.310301e+00 2.483161e+00
1.311499e+00 2.483136e+00
1.312696e+00 2.483111e+00
1.313894e+00 2.483086e+00
1.315091e+00 2.483061e+00
1.316288e+00 2.483036e+00
1.317486e+00 2.483011e+00
1.318695e+00 2.482986e+00
1.319893e+00 2.482961e+00
1.321090e+00 2.482936e+00
1.322288e+00 2.482911e+00
1.323485e+00 2.482886e+00
1.324682e+00 2.482860e+00
1.325880e+00 2.482835e+00
1.327077e+00 2.482811e+00
1.328275e+00 2.482787e+00
1.329472e+00 2.482763e+00
1.330682e+00 2.482738e+00
1.331879e+00 2.482714e+00
1.333076e+00 2.482690e+00
1.334274e+00 2.482666e+00
1.335471e+00 2.482642e+00
1.336669e+00 2.482617e+00
1.337866e+00 2.482593e+00
1.339064e+00 2.482569e+00
1.340261e+00 2.482545e+00
1.341459e+00 2.482521e+00
1.342668e+00 2.482496e+00
1.343865e+00 2.482472e+00
1.345063e+00 2.482448e+00
1.346260e+00 2.482424e+00
1.347458e+00 2.482399e+00
1.348655e+00 2.482375e+00
1.349853e+00 2.482352e+00
1.351050e+00 2.482328e+00
1.352247e+00 2.482305e+00
1.353445e+00 2.482282e+00
1.354654e+00 2.482258e+00
1.355852e+00 2.482235e+00
1.357049e+00 2.482211e+00
1.358247e+00 2.482188e+00
1.359444e+00 2.482164e+00
1.360641e+00 2.482141e+00
1.361839e+00 2.482118e+00
1.363036e+00 2.482094e+00
1.364234e+00 2.482071e+00
1.365431e+00 2.482047e+00
1.366641e+00 2.482024e+00
1.367838e+00 2.482000e+00
1.369035e+00 2.481977e+00
1.370233e+00 2.481954e+00
1.371430e+00 2.481930e+00
1.372628e+00 2.481907e+00
1.373825e+00 2.481885e+00
1.375023e+00 2.481862e+00
1.376220e+00 2.481840e+00
1.377418e+00 2.481817e+00
1.378627e+00 2.481794e+00
1.379824e+00 2.481772e+00
1.381022e+00 2.481749e+00
1.382219e+00 2.481727e+00
1.383417e+00 2.481704e+00
1.384614e+00 2.481682e+00
1.385812e+00 2.481659e+00
1.387009e+00 2.481636e+00
1.388206e+00 2.481614e+00
1.389404e+00 2.481591e+00
1.390613e+00 2.481569e+00
1.391811e+00 2.481546e+00
1.393008e+00 2.481523e+00
1.394206e+00 2.481501e+00
1.395403e+00 2.481478e+00
1.396600e+00 2.481458e+00
1.397798e+00 2.481439e+00
1.398995e+00 2.481421e+00
1.400193e+00 2.481402e+00
1.401390e+00 2.481384e+00
1.402600e+00 2.481366e+00
1.403797e+00 2.481347e+00
1.404995e+00 2.481329e+00
1.406192e+00 2.481310e+00
1.407389e+00 2.481292e+00
1.408587e+00 2.481274e+00
1.409784e+00 2.481255e+00
1.410982e+00 2.481237e+00
1.412179e+00 2.481218e+00
1.413377e+00 2.481200e+00
1.414586e+00 2.481181e+00
1.415783e+00 2.481163e+00
1.416981e+00 2.481145e+00
1.418178e+00 2.481126e+00
1.419376e+00 2.481108e+00
1.420573e+00 2.481089e+00
1.421771e+00 2.481069e+00
1.422968e+00 2.481050e+00
1.424165e+00 2.481030e+00
1.425363e+00 2.481010e+00
1.426560e+00 2.480990e+00
1.427770e+00 2.480971e+00
1.428967e+00 2.480951e+00
1.430165e+00 2.480931e+00
1.431362e+00 2.480911e+00
1.432560e+00 2.480892e+00
1.433757e+00 2.480872e+00
1.434954e+00 2.480852e+00
1.436152e+00 2.480832e+00
1.437349e+00 2.480813e+00
1.438547e+00 2.480793e+00
1.439756e+00 2.480773e+00
1.440954e+00 2.480753e+00
1.442151e+00 2.480734e+00
1.443348e+00 2.480714e+00
1.444546e+00 2.480694e+00
1.445743e+00 2.480674e+00
1.446941e+00 2.480654e+00
1.448138e+00 2.480633e+00
1.449336e+00 2.480613e+00
1.450533e+00 2.480592e+00
1.451742e+00 2.480572e+00
1.452940e+00 2.480552e+00
1.454137e+00 2.480531e+00
1.455335e+00 2.480511e+00
1.456532e+00 2.480490e+00
1.457730e+00 2.480470e+00
1.458927e+00 2.480450e+00
1.460125e+00 2.480429e+00
1.461322e+00 2.480409e+00
1.462519e+00 2.480389e+00
1.463729e+00 2.480368e+00
1.464926e+00 2.480348e+00
1.466124e+00 2.480327e+00
1.467321e+00 2.480307e+00
1.468519e+00 2.480287e+00
1.469716e+00 2.480266e+00
1.470913e+00 2.480250e+00
1.472111e+00 2.480235e+00
1.473308e+00 2.480220e+00
1.474506e+00 2.480204e+00
1.475715e+00 2.480189e+00
1.476913e+00 2.480174e+00
1.478110e+00 2.480158e+00
1.479307e+00 2.480143e+00
1.480505e+00 2.480128e+00
1.481702e+00 2.480113e+00
1.482900e+00 2.480097e+00
1.484097e+00 2.480082e+00
1.485295e+00 2.480067e+00
1.486492e+00 2.480052e+00
1.487701e+00 2.480036e+00
1.488899e+00 2.480021e+00
1.490096e+00 2.480006e+00
1.491294e+00 2.479990e+00
1.492491e+00 2.479975e+00
1.493689e+00 2.479960e+00
1.494886e+00 2.479945e+00
1.496084e+00 2.479927e+00
1.497281e+00 2.479909e+00
1.498478e+00 2.479890e+00
1.499688e+00 2.479871e+00
1.500885e+00 2.479852e+00
1.502083e+00 2.479833e+00
1.503280e+00 2.479814e+00
1.504478e+00 2.479795e+00
1.505675e+00 2.479776e+00
1.506872e+00 2.479757e+00
1.508070e+00 2.479738e+00
1.509267e+00 2.479720e+00
1.510465e+00 2.479701e+00
1.511674e+00 2.479682e+00
1.512872e+00 2.479663e+00
1.514069e+00 2.479644e+00
1.515266e+00 2.479625e+00
1.516464e+00 2.479606e+00
1.517661e+00 2.479587e+00
1.518859e+00 2.479568e+00
1.520056e+00 2.479549e+00
1.521254e+00 2.479531e+00
1.522451e+00 2.479516e+00
1.523660e+00 2.479502e+00
1.524858e+00 2.479488e+00
1.526055e+00 2.479474e+00
1.527253e+00 2.479460e+00
1.528450e+00 2.479445e+00
1.529648e+00 2.479431e+00
1.530845e+00 2.479417e+00
1.532043e+00 2.479403e+00
1.533240e+00 2.479389e+00
1.534437e+00 2.479375e+00
1.535647e+00 2.479361e+00
1.536844e+00 2.479347e+00
1.538042e+00 2.479333e+00
1.539239e+00 2.479319e+00
1.540437e+00 2.479304e+00
1.541634e+00 2.479290e+00
1.542831e+00 2.479276e+00
1.544029e+00 2.479262e+00
1.545226e+00 2.479248e+00
1.546424e+00 2.479234e+00
1.547633e+00 2.479220e+00
1.548831e+00 2.479202e+00
1.550028e+00 2.479184e+00
1.551225e+00 2.479167e+00
1.552423e+00 2.479149e+00
1.553620e+00 2.479131e+00
1.554818e+00 2.479113e+00
1.556015e+00 2.479095e+00
1.557213e+00 2.479077e+00
1.558410e+00 2.479059e+00
1.559608e+00 2.479041e+00
1.560817e+00 2.479023e+00
1.562014e+00 2.479005e+00
1.563212e+00 2.478987e+00
1.564409e+00 2.478969e+00
1.565607e+00 2.478951e+00
1.566804e+00 2.478934e+00
1.568002e+00 2.478916e+00
1.569199e+00 2.478898e+00
1.570396e+00 2.478880e+00
1.571594e+00 2.478862e+00
1.572803e+00 2.478844e+00
1.574001e+00 2.478826e+00
1.575198e+00 2.478811e+00
1.576396e+00 2.478798e+00
1.577593e+00 2.478786e+00
1.578790e+00 2.478773e+00
1.579988e+00 2.478761e+00
1.581185e+00 2.478748e+00
1.582383e+00 2.478736e+00
1.583580e+00 2.478724e+00
1.584790e+00 2.478711e+00
1.585987e+00 2.478699e+00
1.587185e+00 2.478686e+00
1.588382e+00 2.478674e+00
1.589579e+00 2.478661e+00
1.590777e+00 2.478649e+00
1.591974e+00 2.478636e+00
1.593172e+00 2.478624e+00
1.594369e+00 2.478611e+00
1.595567e+00 2.478599e+00
1.596776e+00 2.478586e+00
1.597973e+00 2.478574e+00
1.599171e+00 2.478561e+00
1.600368e+00 2.478549e+00
1.601566e+00 2.478536e+00
1.602763e+00 2.478523e+00
1.603961e+00 2.478510e+00
1.605158e+00 2.478496e+00
1.606355e+00 2.478483e+00
1.607553e+00 2.478469e+00
1.608762e+00 2.478455e+00
1.609960e+00 2.478442e+00
1.611157e+00 2.478428e+00
1.612355e+00 2.478415e+00
1.613552e+00 2.478401e+00
1.614750e+00 2.478388e+00
1.615947e+00 2.478374e+00
1.617144e+00 2.478361e+00
1.618342e+00 2.478347e+00
1.619539e+00 2.478334e+00
1.620749e+00 2.478320e+00
1.621946e+00 2.478307e+00
1.623144e+00 2.478293e+00
1.624341e+00 2.478280e+00
1.625538e+00 2.478266e+00
1.626736e+00 2.478253e+00
1.627933e+00 2.478239e+00
1.629131e+00 2.478226e+00
1.630328e+00 2.478212e+00
1.631526e+00 2.478200e+00
1.632735e+00 2.478187e+00
1.633932e+00 2.478174e+00
1.635130e+00 2.478161e+00
1.636327e+00 2.478148e+00
1.637525e+00 2.478136e+00
1.638722e+00 2.478123e+00
1.639920e+00 2.478110e+00
1.641117e+00 2.478097e+00
1.642314e+00 2.478085e+00
1.643512e+00 2.478072e+00
1.644721e+00 2.478059e+00
1.645919e+00 2.478046e+00
1.647116e+00 2.478033e+00
1.648314e+00 2.478021e+00
1.649511e+00 2.478008e+00
1.650709e+00 2.477995e+00
1.651906e+00 2.477982e+00
1.653103e+00 2.477970e+00
1.654301e+00 2.477957e+00
1.655498e+00 2.477944e+00
1.656708e+00 2.477931e+00
1.657905e+00 2.477919e+00
1.659103e+00 2.477904e+00
1.660300e+00 2.477890e+00
1.661497e+00 2.477876e+00
1.662695e+00 2.477862e+00
1.663892e+00 2.477848e+00
1.665090e+00 2.477834e+00
1.666287e+00 2.477820e+00
1.667485e+00 2.477806e+00
1.668694e+00 2.477792e+00
1.669891e+00 2.477778e+00
1.671089e+00 2.477764e+00
1.672286e+00 2.477750e+00
1.673484e+00 2.477736e+00
1.674681e+00 2.477722e+00
1.675879e+00 2.477708e+00
1.677076e+00 2.477694e+00
1.678274e+00 2.477680e+00
1.679471e+00 2.477666e+00
1.680680e+00 2.477651e+00
1.681878e+00 2.477637e+00
1.683075e+00 2.477623e+00
1.684273e+00 2.477609e+00
1.685470e+00 2.477595e+00
1.686668e+00 2.477581e+00
