wavelength   n   k
4.892429e-01 2.575655e+00 3.021482e-02
4.904403e-01 2.575112e+00 3.003070e-02
4.916377e-01 2.574568e+00 2.984657e-02
4.928352e-01 2.574024e+00 2.966245e-02
4.940326e-01 2.573481e+00 2.947833e-02
4.952300e-01 2.572937e+00 2.929420e-02
4.964394e-01 2.572388e+00 2.910824e-02
4.976369e-01 2.571844e+00 2.892411e-02
4.988343e-01 2.571315e+00 2.875702e-02
5.000318e-01 2.570788e+00 2.859129e-02
5.012292e-01 2.570260e+00 2.842557e-02
5.024266e-01 2.569733e+00 2.825984e-02
5.036241e-01 2.569205e+00 2.809411e-02
5.048215e-01 2.568677e+00 2.792838e-02
5.060189e-01 2.568150e+00 2.776265e-02
5.072164e-01 2.567657e+00 2.760756e-02
5.084258e-01 2.567172e+00 2.745512e-02
5.096232e-01 2.566692e+00 2.730418e-02
5.108207e-01 2.566212e+00 2.715325e-02
5.120181e-01 2.565732e+00 2.700231e-02
5.132155e-01 2.565252e+00 2.685138e-02
5.144130e-01 2.564772e+00 2.670044e-02
5.156104e-01 2.564299e+00 2.655252e-02
5.168078e-01 2.563834e+00 2.640917e-02
5.180053e-01 2.563370e+00 2.626582e-02
5.192027e-01 2.562906e+00 2.612247e-02
5.204121e-01 2.562437e+00 2.597768e-02
5.216096e-01 2.561973e+00 2.583433e-02
5.228070e-01 2.561508e+00 2.569098e-02
5.240044e-01 2.561044e+00 2.554762e-02
5.252019e-01 2.560594e+00 2.542141e-02
5.263993e-01 2.560145e+00 2.529613e-02
5.275967e-01 2.559696e+00 2.517085e-02
5.287942e-01 2.559247e+00 2.504556e-02
5.299916e-01 2.558798e+00 2.492028e-02
5.311891e-01 2.558349e+00 2.479499e-02
5.323985e-01 2.557895e+00 2.466846e-02
5.335959e-01 2.557461e+00 2.454848e-02
5.347933e-01 2.557051e+00 2.443754e-02
5.359908e-01 2.556641e+00 2.432659e-02
5.371882e-01 2.556230e+00 2.421564e-02
5.383857e-01 2.555820e+00 2.410469e-02
5.395831e-01 2.555410e+00 2.399374e-02
5.407805e-01 2.555000e+00 2.388279e-02
5.419780e-01 2.554590e+00 2.377184e-02
5.431754e-01 2.554194e+00 2.366512e-02
5.443848e-01 2.553801e+00 2.355962e-02
5.455822e-01 2.553412e+00 2.345516e-02
5.467797e-01 2.553023e+00 2.335070e-02
5.479771e-01 2.552634e+00 2.324625e-02
5.491746e-01 2.552246e+00 2.314179e-02
5.503720e-01 2.551857e+00 2.303733e-02
5.515694e-01 2.551468e+00 2.293288e-02
5.527669e-01 2.551095e+00 2.283494e-02
5.539643e-01 2.550726e+00 2.273856e-02
5.551617e-01 2.550357e+00 2.264218e-02
5.563711e-01 2.549984e+00 2.254484e-02
5.575686e-01 2.549615e+00 2.244845e-02
5.587660e-01 2.549246e+00 2.235207e-02
5.599635e-01 2.548877e+00 2.225569e-02
5.611609e-01 2.548508e+00 2.215931e-02
5.623583e-01 2.548154e+00 2.206968e-02
5.635558e-01 2.547804e+00 2.198145e-02
5.647532e-01 2.547454e+00 2.189322e-02
5.659506e-01 2.547104e+00 2.180499e-02
5.671481e-01 2.546754e+00 2.171676e-02
5.683575e-01 2.546400e+00 2.162765e-02
5.695549e-01 2.546050e+00 2.153942e-02
5.707524e-01 2.545699e+00 2.145119e-02
5.719498e-01 2.545360e+00 2.136964e-02
5.731472e-01 2.545026e+00 2.129082e-02
5.743447e-01 2.544691e+00 2.121200e-02
5.755421e-01 2.544357e+00 2.113318e-02
5.767395e-01 2.544022e+00 2.105437e-02
5.779370e-01 2.543688e+00 2.097555e-02
5.791344e-01 2.543353e+00 2.089673e-02
5.803438e-01 2.543015e+00 2.081712e-02
5.815413e-01 2.542690e+00 2.074225e-02
5.827387e-01 2.542378e+00 2.067219e-02
5.839361e-01 2.542065e+00 2.060213e-02
5.851336e-01 2.541752e+00 2.053208e-02
5.863310e-01 2.541439e+00 2.046202e-02
5.875285e-01 2.541126e+00 2.039196e-02
5.887259e-01 2.540814e+00 2.032191e-02
5.899233e-01 2.540501e+00 2.025185e-02
5.911208e-01 2.540189e+00 2.018197e-02
5.923302e-01 2.539893e+00 2.011593e-02
5.935276e-01 2.539600e+00 2.005055e-02
5.947250e-01 2.539308e+00 1.998517e-02
5.959225e-01 2.539015e+00 1.991979e-02
5.971199e-01 2.538722e+00 1.985441e-02
5.983174e-01 2.538430e+00 1.978903e-02
5.995148e-01 2.538137e+00 1.972365e-02
6.007122e-01 2.537844e+00 1.965827e-02
6.019097e-01 2.537558e+00 1.959486e-02
6.031071e-01 2.537278e+00 1.953352e-02
6.043165e-01 2.536995e+00 1.947156e-02
6.055140e-01 2.536715e+00 1.941022e-02
6.067114e-01 2.536435e+00 1.934888e-02
6.079088e-01 2.536155e+00 1.928754e-02
6.091063e-01 2.535875e+00 1.922620e-02
6.103037e-01 2.535595e+00 1.916486e-02
6.115011e-01 2.535315e+00 1.910352e-02
6.126986e-01 2.535043e+00 1.904821e-02
6.138960e-01 2.534773e+00 1.899449e-02
6.150934e-01 2.534503e+00 1.894077e-02
6.163029e-01 2.534231e+00 1.888651e-02
6.175003e-01 2.533961e+00 1.883279e-02
6.186977e-01 2.533691e+00 1.877907e-02
6.198952e-01 2.533422e+00 1.872535e-02
6.210926e-01 2.533152e+00 1.867163e-02
6.222900e-01 2.532882e+00 1.861790e-02
6.234875e-01 2.532631e+00 1.857040e-02
6.246849e-01 2.532381e+00 1.852326e-02
6.258823e-01 2.532131e+00 1.847613e-02
6.270798e-01 2.531881e+00 1.842899e-02
6.282772e-01 2.531631e+00 1.838185e-02
6.294866e-01 2.531379e+00 1.833424e-02
6.306841e-01 2.531129e+00 1.828711e-02
6.318815e-01 2.530879e+00 1.823997e-02
6.330789e-01 2.530629e+00 1.819283e-02
6.342764e-01 2.530391e+00 1.814952e-02
6.354738e-01 2.530153e+00 1.810644e-02
6.366713e-01 2.529915e+00 1.806336e-02
6.378687e-01 2.529678e+00 1.802028e-02
6.390661e-01 2.529440e+00 1.797720e-02
6.402636e-01 2.529202e+00 1.793413e-02
6.414730e-01 2.528962e+00 1.789062e-02
6.426704e-01 2.528724e+00 1.784754e-02
6.438678e-01 2.528487e+00 1.780446e-02
6.450653e-01 2.528259e+00 1.776551e-02
6.462627e-01 2.528034e+00 1.772770e-02
6.474602e-01 2.527810e+00 1.768989e-02
6.486576e-01 2.527585e+00 1.765208e-02
6.498550e-01 2.527360e+00 1.761426e-02
6.510525e-01 2.527136e+00 1.757645e-02
6.522499e-01 2.526911e+00 1.753864e-02
6.534593e-01 2.526684e+00 1.750045e-02
6.546568e-01 2.526460e+00 1.746263e-02
6.558542e-01 2.526244e+00 1.742553e-02
6.570516e-01 2.526037e+00 1.738924e-02
6.582491e-01 2.525831e+00 1.735294e-02
6.594465e-01 2.525625e+00 1.731665e-02
6.606439e-01 2.525419e+00 1.728035e-02
6.618414e-01 2.525213e+00 1.724406e-02
6.630388e-01 2.525007e+00 1.720777e-02
6.642362e-01 2.524801e+00 1.717147e-02
6.654457e-01 2.524593e+00 1.713481e-02
6.666431e-01 2.524387e+00 1.709852e-02
6.678405e-01 2.524184e+00 1.706381e-02
6.690380e-01 2.523982e+00 1.702912e-02
6.702354e-01 2.523779e+00 1.699442e-02
6.714328e-01 2.523576e+00 1.695973e-02
6.726303e-01 2.523374e+00 1.692503e-02
6.738277e-01 2.523171e+00 1.689034e-02
6.750251e-01 2.522969e+00 1.685565e-02
6.762226e-01 2.522766e+00 1.682095e-02
6.774320e-01 2.522562e+00 1.678591e-02
6.786294e-01 2.522362e+00 1.675324e-02
6.798269e-01 2.522170e+00 1.672436e-02
6.810243e-01 2.521977e+00 1.669548e-02
6.822217e-01 2.521785e+00 1.666660e-02
6.834192e-01 2.521592e+00 1.663772e-02
6.846166e-01 2.521399e+00 1.660884e-02
6.858141e-01 2.521207e+00 1.657996e-02
6.870115e-01 2.521014e+00 1.655108e-02
6.882089e-01 2.520822e+00 1.652220e-02
6.894183e-01 2.520627e+00 1.649303e-02
6.906158e-01 2.520443e+00 1.646555e-02
6.918132e-01 2.520266e+00 1.643928e-02
6.930106e-01 2.520088e+00 1.641300e-02
6.942081e-01 2.519911e+00 1.638673e-02
6.954055e-01 2.519734e+00 1.636046e-02
6.966030e-01 2.519556e+00 1.633418e-02
6.978004e-01 2.519379e+00 1.630791e-02
6.989978e-01 2.519202e+00 1.628164e-02
7.001953e-01 2.519024e+00 1.625536e-02
7.014047e-01 2.518845e+00 1.622883e-02
7.026021e-01 2.518671e+00 1.620336e-02
7.037996e-01 2.518499e+00 1.617853e-02
7.049970e-01 2.518328e+00 1.615370e-02
7.061944e-01 2.518156e+00 1.612887e-02
7.073919e-01 2.517984e+00 1.610404e-02
7.085893e-01 2.517812e+00 1.607921e-02
7.097867e-01 2.517640e+00 1.605438e-02
7.109842e-01 2.517469e+00 1.602955e-02
7.121816e-01 2.517297e+00 1.600473e-02
7.133910e-01 2.517123e+00 1.597965e-02
7.145885e-01 2.516954e+00 1.595679e-02
7.157859e-01 2.516789e+00 1.593686e-02
7.169833e-01 2.516623e+00 1.591692e-02
7.181808e-01 2.516458e+00 1.589699e-02
7.193782e-01 2.516293e+00 1.587705e-02
7.205756e-01 2.516128e+00 1.585711e-02
7.217731e-01 2.515962e+00 1.583718e-02
7.229705e-01 2.515797e+00 1.581724e-02
7.241680e-01 2.515632e+00 1.579730e-02
7.253774e-01 2.515465e+00 1.577717e-02
7.265748e-01 2.515301e+00 1.575743e-02
7.277722e-01 2.515150e+00 1.574020e-02
7.289697e-01 2.515000e+00 1.572298e-02
7.301671e-01 2.514849e+00 1.570575e-02
7.313645e-01 2.514698e+00 1.568852e-02
7.325620e-01 2.514548e+00 1.567130e-02
7.337594e-01 2.514397e+00 1.565407e-02
7.349569e-01 2.514247e+00 1.563684e-02
7.361543e-01 2.514096e+00 1.561961e-02
7.373637e-01 2.513944e+00 1.560221e-02
7.385611e-01 2.513794e+00 1.558499e-02
7.397586e-01 2.513646e+00 1.556786e-02
7.409560e-01 2.513502e+00 1.555080e-02
7.421534e-01 2.513358e+00 1.553375e-02
7.433509e-01 2.513213e+00 1.551670e-02
7.445483e-01 2.513069e+00 1.549964e-02
7.457458e-01 2.512924e+00 1.548259e-02
7.469432e-01 2.512780e+00 1.546553e-02
7.481406e-01 2.512635e+00 1.544848e-02
7.493500e-01 2.512489e+00 1.543126e-02
7.505475e-01 2.512345e+00 1.541420e-02
7.517449e-01 2.512200e+00 1.539715e-02
7.529424e-01 2.512059e+00 1.538341e-02
7.541398e-01 2.511918e+00 1.537015e-02
7.553372e-01 2.511776e+00 1.535690e-02
7.565347e-01 2.511635e+00 1.534364e-02
7.577321e-01 2.511494e+00 1.533039e-02
7.589295e-01 2.511353e+00 1.531713e-02
7.601270e-01 2.511211e+00 1.530387e-02
7.613244e-01 2.511070e+00 1.529062e-02
7.625338e-01 2.510928e+00 1.527723e-02
7.637313e-01 2.510786e+00 1.526397e-02
7.649287e-01 2.510645e+00 1.525072e-02
7.661261e-01 2.510518e+00 1.523978e-02
7.673236e-01 2.510391e+00 1.522884e-02
7.685210e-01 2.510264e+00 1.521791e-02
7.697184e-01 2.510137e+00 1.520697e-02
7.709159e-01 2.510010e+00 1.519604e-02
7.721133e-01 2.509883e+00 1.518511e-02
7.733108e-01 2.509756e+00 1.517417e-02
7.745202e-01 2.509628e+00 1.516313e-02
7.757176e-01 2.509501e+00 1.515220e-02
7.769150e-01 2.509374e+00 1.514126e-02
7.781125e-01 2.509247e+00 1.513033e-02
7.793099e-01 2.509124e+00 1.511908e-02
7.805073e-01 2.509001e+00 1.510781e-02
7.817048e-01 2.508878e+00 1.509654e-02
7.829022e-01 2.508755e+00 1.508527e-02
7.840997e-01 2.508633e+00 1.507400e-02
7.852971e-01 2.508510e+00 1.506273e-02
7.865065e-01 2.508386e+00 1.505134e-02
7.877039e-01 2.508263e+00 1.504007e-02
7.889014e-01 2.508141e+00 1.502880e-02
7.900988e-01 2.508018e+00 1.501753e-02
7.912963e-01 2.507895e+00 1.500626e-02
7.924937e-01 2.507775e+00 1.499691e-02
7.936911e-01 2.507656e+00 1.498850e-02
7.948886e-01 2.507536e+00 1.498009e-02
7.960860e-01 2.507417e+00 1.497168e-02
7.972834e-01 2.507298e+00 1.496327e-02
7.984928e-01 2.507177e+00 1.495477e-02
7.996903e-01 2.507058e+00 1.494636e-02
8.008877e-01 2.506939e+00 1.493795e-02
8.020852e-01 2.506819e+00 1.492953e-02
8.032826e-01 2.506700e+00 1.492112e-02
8.044800e-01 2.506581e+00 1.491271e-02
8.056775e-01 2.506464e+00 1.490448e-02
8.068749e-01 2.506356e+00 1.489690e-02
8.080723e-01 2.506249e+00 1.488933e-02
8.092698e-01 2.506141e+00 1.488175e-02
8.104792e-01 2.506033e+00 1.487409e-02
8.116766e-01 2.505925e+00 1.486652e-02
8.128741e-01 2.505818e+00 1.485894e-02
8.140715e-01 2.505711e+00 1.485136e-02
8.152689e-01 2.505603e+00 1.484378e-02
8.164664e-01 2.505496e+00 1.483620e-02
8.176638e-01 2.505388e+00 1.482863e-02
8.188612e-01 2.505281e+00 1.482105e-02
8.200587e-01 2.505172e+00 1.481428e-02
8.212561e-01 2.505063e+00 1.480812e-02
8.224655e-01 2.504952e+00 1.480190e-02
8.236630e-01 2.504843e+00 1.479575e-02
8.248604e-01 2.504734e+00 1.478959e-02
8.260578e-01 2.504624e+00 1.478343e-02
8.272553e-01 2.504515e+00 1.477728e-02
8.284527e-01 2.504406e+00 1.477112e-02
8.296501e-01 2.504296e+00 1.476496e-02
8.308476e-01 2.504187e+00 1.475881e-02
8.320450e-01 2.504078e+00 1.475265e-02
8.332425e-01 2.503968e+00 1.474650e-02
8.344519e-01 2.503864e+00 1.474361e-02
8.356493e-01 2.503763e+00 1.474205e-02
8.368467e-01 2.503662e+00 1.474049e-02
8.380442e-01 2.503561e+00 1.473894e-02
8.392416e-01 2.503460e+00 1.473738e-02
8.404391e-01 2.503359e+00 1.473582e-02
8.416365e-01 2.503258e+00 1.473427e-02
8.428339e-01 2.503157e+00 1.473271e-02
8.440314e-01 2.503056e+00 1.473116e-02
8.452288e-01 2.502954e+00 1.472960e-02
8.464382e-01 2.502852e+00 1.472803e-02
8.476356e-01 2.502751e+00 1.472647e-02
8.488331e-01 2.502659e+00 1.472400e-02
8.500305e-01 2.502572e+00 1.472105e-02
8.512280e-01 2.502484e+00 1.471811e-02
8.524254e-01 2.502396e+00 1.471517e-02
8.536228e-01 2.502309e+00 1.471223e-02
8.548203e-01 2.502221e+00 1.470928e-02
8.560177e-01 2.502134e+00 1.470634e-02
8.572151e-01 2.502046e+00 1.470340e-02
8.584246e-01 2.501958e+00 1.470043e-02
8.596220e-01 2.501870e+00 1.469748e-02
8.608194e-01 2.501782e+00 1.469454e-02
8.620169e-01 2.501695e+00 1.469160e-02
8.632143e-01 2.501605e+00 1.468866e-02
8.644117e-01 2.501512e+00 1.468572e-02
8.656092e-01 2.501419e+00 1.468279e-02
8.668066e-01 2.501326e+00 1.467986e-02
8.680040e-01 2.501233e+00 1.467692e-02
8.692015e-01 2.501141e+00 1.467399e-02
8.704109e-01 2.501047e+00 1.467102e-02
8.716083e-01 2.500954e+00 1.466809e-02
8.728058e-01 2.500861e+00 1.466516e-02
8.740032e-01 2.500768e+00 1.466222e-02
8.752006e-01 2.500675e+00 1.465929e-02
8.763981e-01 2.500582e+00 1.465635e-02
8.775955e-01 2.500489e+00 1.465342e-02
8.787929e-01 2.500406e+00 1.465266e-02
8.799904e-01 2.500324e+00 1.465211e-02
8.811878e-01 2.500242e+00 1.465156e-02
8.823972e-01 2.500159e+00 1.465100e-02
8.835947e-01 2.500077e+00 1.465045e-02
8.847921e-01 2.499994e+00 1.464990e-02
8.859895e-01 2.499912e+00 1.464935e-02
8.871870e-01 2.499830e+00 1.464879e-02
8.883844e-01 2.499748e+00 1.464824e-02
8.895819e-01 2.499666e+00 1.464769e-02
8.907793e-01 2.499583e+00 1.464714e-02
8.919767e-01 2.499501e+00 1.464659e-02
8.931742e-01 2.499420e+00 1.464590e-02
8.943716e-01 2.499340e+00 1.464470e-02
8.955810e-01 2.499260e+00 1.464348e-02
8.967784e-01 2.499180e+00 1.464228e-02
8.979759e-01 2.499101e+00 1.464108e-02
8.991733e-01 2.499022e+00 1.463988e-02
9.003708e-01 2.498942e+00 1.463868e-02
9.015682e-01 2.498863e+00 1.463748e-02
9.027656e-01 2.498783e+00 1.463628e-02
9.039631e-01 2.498704e+00 1.463508e-02
9.051605e-01 2.498625e+00 1.463387e-02
9.063579e-01 2.498545e+00 1.463267e-02
9.075674e-01 2.498465e+00 1.463146e-02
9.087648e-01 2.498386e+00 1.463050e-02
9.099622e-01 2.498310e+00 1.463007e-02
9.111597e-01 2.498233e+00 1.462964e-02
9.123571e-01 2.498156e+00 1.462922e-02
9.135545e-01 2.498079e+00 1.462879e-02
9.147520e-01 2.498003e+00 1.462836e-02
9.159494e-01 2.497926e+00 1.462794e-02
9.171468e-01 2.497849e+00 1.462751e-02
9.183443e-01 2.497773e+00 1.462708e-02
9.195537e-01 2.497695e+00 1.462665e-02
9.207511e-01 2.497618e+00 1.462623e-02
9.219486e-01 2.497542e+00 1.462580e-02
9.231460e-01 2.497465e+00 1.462537e-02
9.243434e-01 2.497389e+00 1.462522e-02
9.255409e-01 2.497315e+00 1.462646e-02
9.267383e-01 2.497240e+00 1.462770e-02
9.279357e-01 2.497166e+00 1.462894e-02
9.291332e-01 2.497092e+00 1.463018e-02
9.303306e-01 2.497018e+00 1.463143e-02
9.315400e-01 2.496943e+00 1.463268e-02
9.327375e-01 2.496869e+00 1.463392e-02
9.339349e-01 2.496795e+00 1.463516e-02
9.351323e-01 2.496721e+00 1.463641e-02
9.363298e-01 2.496647e+00 1.463765e-02
9.375272e-01 2.496573e+00 1.463889e-02
9.387247e-01 2.496498e+00 1.464013e-02
9.399221e-01 2.496424e+00 1.464137e-02
9.411195e-01 2.496353e+00 1.464465e-02
9.423170e-01 2.496282e+00 1.464846e-02
9.435264e-01 2.496210e+00 1.465231e-02
9.447238e-01 2.496140e+00 1.465613e-02
9.459212e-01 2.496069e+00 1.465994e-02
9.471187e-01 2.495998e+00 1.466375e-02
9.483161e-01 2.495927e+00 1.466757e-02
9.495136e-01 2.495856e+00 1.467138e-02
9.507110e-01 2.495786e+00 1.467519e-02
9.519084e-01 2.495715e+00 1.467901e-02
9.531059e-01 2.495644e+00 1.468282e-02
9.543033e-01 2.495573e+00 1.468663e-02
9.555127e-01 2.495502e+00 1.469048e-02
9.567102e-01 2.495432e+00 1.469450e-02
9.579076e-01 2.495369e+00 1.469931e-02
9.591050e-01 2.495306e+00 1.470413e-02
9.603025e-01 2.495243e+00 1.470894e-02
9.614999e-01 2.495180e+00 1.471376e-02
9.626973e-01 2.495117e+00 1.471858e-02
9.638948e-01 2.495054e+00 1.472339e-02
9.650922e-01 2.494991e+00 1.472821e-02
9.662896e-01 2.494928e+00 1.473303e-02
9.674991e-01 2.494864e+00 1.473789e-02
9.686965e-01 2.494801e+00 1.474271e-02
9.698939e-01 2.494738e+00 1.474752e-02
9.710914e-01 2.494675e+00 1.475234e-02
9.722888e-01 2.494612e+00 1.475716e-02
9.734862e-01 2.494550e+00 1.476156e-02
9.746837e-01 2.494491e+00 1.476522e-02
9.758811e-01 2.494432e+00 1.476888e-02
9.770786e-01 2.494373e+00 1.477253e-02
9.782760e-01 2.494314e+00 1.477619e-02
9.794854e-01 2.494255e+00 1.477989e-02
9.806828e-01 2.494195e+00 1.478355e-02
9.818803e-01 2.494136e+00 1.478720e-02
9.830777e-01 2.494077e+00 1.479086e-02
9.842751e-01 2.494018e+00 1.479452e-02
9.854726e-01 2.493959e+00 1.479818e-02
9.866700e-01 2.493900e+00 1.480184e-02
9.878675e-01 2.493841e+00 1.480550e-02
9.890649e-01 2.493782e+00 1.480916e-02
9.902623e-01 2.493723e+00 1.481269e-02
9.914717e-01 2.493665e+00 1.481593e-02
9.926692e-01 2.493608e+00 1.481914e-02
9.938666e-01 2.493550e+00 1.482235e-02
9.950640e-01 2.493492e+00 1.482555e-02
9.962615e-01 2.493435e+00 1.482876e-02
9.974589e-01 2.493377e+00 1.483197e-02
9.986564e-01 2.493319e+00 1.483518e-02
9.998538e-01 2.493262e+00 1.483838e-02
1.001051e+00 2.493204e+00 1.484159e-02
1.002249e+00 2.493146e+00 1.484480e-02
1.003458e+00 2.493088e+00 1.484804e-02
1.004656e+00 2.493031e+00 1.485125e-02
1.005853e+00 2.492973e+00 1.485446e-02
1.007050e+00 2.492915e+00 1.485766e-02
1.008248e+00 2.492860e+00 1.486131e-02
1.009445e+00 2.492804e+00 1.486497e-02
1.010643e+00 2.492749e+00 1.486862e-02
1.011840e+00 2.492693e+00 1.487228e-02
1.013038e+00 2.492638e+00 1.487594e-02
1.014235e+00 2.492582e+00 1.487960e-02
1.015444e+00 2.492526e+00 1.488329e-02
1.016642e+00 2.492470e+00 1.488695e-02
1.017839e+00 2.492415e+00 1.489061e-02
1.019037e+00 2.492359e+00 1.489427e-02
1.020234e+00 2.492304e+00 1.489793e-02
1.021432e+00 2.492248e+00 1.490158e-02
1.022629e+00 2.492193e+00 1.490524e-02
1.023826e+00 2.492137e+00 1.490890e-02
1.025024e+00 2.492082e+00 1.491293e-02
1.026221e+00 2.492028e+00 1.491752e-02
1.027419e+00 2.491974e+00 1.492211e-02
1.028628e+00 2.491920e+00 1.492675e-02
1.029826e+00 2.491866e+00 1.493135e-02
1.031023e+00 2.491812e+00 1.493594e-02
1.032221e+00 2.491758e+00 1.494053e-02
1.033418e+00 2.491704e+00 1.494513e-02
1.034615e+00 2.491649e+00 1.494972e-02
1.035813e+00 2.491595e+00 1.495431e-02
1.037010e+00 2.491541e+00 1.495891e-02
1.038208e+00 2.491487e+00 1.496350e-02
1.039405e+00 2.491433e+00 1.496809e-02
1.040615e+00 2.491379e+00 1.497273e-02
1.041812e+00 2.491325e+00 1.497733e-02
1.043009e+00 2.491272e+00 1.498295e-02
1.044207e+00 2.491219e+00 1.498933e-02
1.045404e+00 2.491167e+00 1.499571e-02
1.046602e+00 2.491115e+00 1.500209e-02
1.047799e+00 2.491063e+00 1.500846e-02
1.048997e+00 2.491010e+00 1.501484e-02
1.050194e+00 2.490958e+00 1.502122e-02
1.051391e+00 2.490906e+00 1.502760e-02
1.052601e+00 2.490853e+00 1.503404e-02
1.053798e+00 2.490801e+00 1.504042e-02
1.054996e+00 2.490748e+00 1.504679e-02
1.056193e+00 2.490696e+00 1.505317e-02
1.057391e+00 2.490644e+00 1.505955e-02
1.058588e+00 2.490592e+00 1.506593e-02
1.059786e+00 2.490539e+00 1.507230e-02
1.060983e+00 2.490489e+00 1.507963e-02
1.062180e+00 2.490440e+00 1.508793e-02
1.063378e+00 2.490392e+00 1.509623e-02
1.064587e+00 2.490342e+00 1.510461e-02
1.065785e+00 2.490294e+00 1.511291e-02
1.066982e+00 2.490245e+00 1.512121e-02
1.068180e+00 2.490197e+00 1.512951e-02
1.069377e+00 2.490148e+00 1.513780e-02
1.070574e+00 2.490099e+00 1.514610e-02
1.071772e+00 2.490051e+00 1.515440e-02
1.072969e+00 2.490002e+00 1.516270e-02
1.074167e+00 2.489953e+00 1.517099e-02
1.075364e+00 2.489905e+00 1.517929e-02
1.076574e+00 2.489856e+00 1.518767e-02
1.077771e+00 2.489807e+00 1.519597e-02
1.078968e+00 2.489759e+00 1.520426e-02
1.080166e+00 2.489717e+00 1.521248e-02
1.081363e+00 2.489674e+00 1.522070e-02
1.082561e+00 2.489632e+00 1.522892e-02
1.083758e+00 2.489589e+00 1.523714e-02
1.084956e+00 2.489547e+00 1.524536e-02
1.086153e+00 2.489504e+00 1.525358e-02
1.087350e+00 2.489461e+00 1.526180e-02
1.088560e+00 2.489418e+00 1.527010e-02
1.089757e+00 2.489376e+00 1.527832e-02
1.090955e+00 2.489333e+00 1.528654e-02
1.092152e+00 2.489291e+00 1.529476e-02
1.093350e+00 2.489248e+00 1.530298e-02
1.094547e+00 2.489206e+00 1.531120e-02
1.095745e+00 2.489163e+00 1.531942e-02
1.096942e+00 2.489120e+00 1.532764e-02
1.098139e+00 2.489079e+00 1.533520e-02
1.099337e+00 2.489038e+00 1.534223e-02
1.100546e+00 2.488996e+00 1.534933e-02
1.101744e+00 2.488955e+00 1.535636e-02
1.102941e+00 2.488914e+00 1.536339e-02
1.104139e+00 2.488873e+00 1.537043e-02
1.105336e+00 2.488832e+00 1.537746e-02
1.106533e+00 2.488790e+00 1.538449e-02
1.107731e+00 2.488749e+00 1.539152e-02
1.108928e+00 2.488708e+00 1.539855e-02
1.110126e+00 2.488667e+00 1.540558e-02
1.111323e+00 2.488626e+00 1.541261e-02
1.112533e+00 2.488584e+00 1.541971e-02
1.113730e+00 2.488543e+00 1.542674e-02
1.114927e+00 2.488502e+00 1.543378e-02
1.116125e+00 2.488461e+00 1.544081e-02
1.117322e+00 2.488421e+00 1.544771e-02
1.118520e+00 2.488381e+00 1.545456e-02
1.119717e+00 2.488341e+00 1.546140e-02
1.120915e+00 2.488301e+00 1.546825e-02
1.122112e+00 2.488260e+00 1.547510e-02
1.123310e+00 2.488220e+00 1.548194e-02
1.124519e+00 2.488180e+00 1.548886e-02
1.125716e+00 2.488140e+00 1.549571e-02
1.126914e+00 2.488100e+00 1.550255e-02
1.128111e+00 2.488060e+00 1.550940e-02
1.129309e+00 2.488020e+00 1.551624e-02
1.130506e+00 2.487980e+00 1.552309e-02
1.131704e+00 2.487940e+00 1.552994e-02
1.132901e+00 2.487900e+00 1.553678e-02
1.134098e+00 2.487859e+00 1.554363e-02
1.135296e+00 2.487819e+00 1.555048e-02
1.136505e+00 2.487779e+00 1.555776e-02
1.137703e+00 2.487740e+00 1.556528e-02
1.138900e+00 2.487700e+00 1.557281e-02
1.140098e+00 2.487661e+00 1.558034e-02
1.141295e+00 2.487622e+00 1.558786e-02
1.142492e+00 2.487582e+00 1.559539e-02
1.143690e+00 2.487543e+00 1.560291e-02
1.144887e+00 2.487503e+00 1.561044e-02
1.146085e+00 2.487464e+00 1.561797e-02
1.147282e+00 2.487425e+00 1.562549e-02
1.148492e+00 2.487385e+00 1.563310e-02
1.149689e+00 2.487346e+00 1.564062e-02
1.150886e+00 2.487306e+00 1.564815e-02
1.152084e+00 2.487267e+00 1.565567e-02
1.153281e+00 2.487227e+00 1.566320e-02
1.154479e+00 2.487188e+00 1.567073e-02
1.155676e+00 2.487149e+00 1.567843e-02
1.156874e+00 2.487110e+00 1.568772e-02
1.158071e+00 2.487072e+00 1.569702e-02
1.159269e+00 2.487034e+00 1.570631e-02
1.160466e+00 2.486996e+00 1.571561e-02
1.161675e+00 2.486957e+00 1.572500e-02
1.162873e+00 2.486919e+00 1.573429e-02
1.164070e+00 2.486881e+00 1.574359e-02
1.165268e+00 2.486842e+00 1.575288e-02
1.166465e+00 2.486804e+00 1.576218e-02
1.167663e+00 2.486766e+00 1.577147e-02
1.168860e+00 2.486728e+00 1.578077e-02
1.170057e+00 2.486689e+00 1.579006e-02
1.171255e+00 2.486651e+00 1.579936e-02
1.172452e+00 2.486613e+00 1.580866e-02
1.173662e+00 2.486574e+00 1.581804e-02
1.174859e+00 2.486536e+00 1.582734e-02
1.176057e+00 2.486500e+00 1.583655e-02
1.177254e+00 2.486468e+00 1.584562e-02
1.178451e+00 2.486437e+00 1.585469e-02
1.179649e+00 2.486405e+00 1.586376e-02
1.180846e+00 2.486373e+00 1.587283e-02
1.182044e+00 2.486341e+00 1.588190e-02
1.183241e+00 2.486309e+00 1.589097e-02
1.184439e+00 2.486277e+00 1.590005e-02
1.185648e+00 2.486245e+00 1.590921e-02
1.186846e+00 2.486213e+00 1.591828e-02
1.188043e+00 2.486181e+00 1.592735e-02
1.189240e+00 2.486150e+00 1.593642e-02
1.190438e+00 2.486118e+00 1.594549e-02
1.191635e+00 2.486086e+00 1.595456e-02
1.192833e+00 2.486054e+00 1.596364e-02
1.194030e+00 2.486022e+00 1.597271e-02
1.195228e+00 2.485990e+00 1.598178e-02
1.196425e+00 2.485958e+00 1.599070e-02
1.197634e+00 2.485923e+00 1.599945e-02
1.198832e+00 2.485889e+00 1.600812e-02
1.200029e+00 2.485855e+00 1.601679e-02
1.201227e+00 2.485821e+00 1.602545e-02
1.202424e+00 2.485787e+00 1.603412e-02
1.203622e+00 2.485752e+00 1.604279e-02
1.204819e+00 2.485718e+00 1.605146e-02
1.206016e+00 2.485684e+00 1.606013e-02
1.207214e+00 2.485650e+00 1.606879e-02
1.208411e+00 2.485616e+00 1.607746e-02
1.209621e+00 2.485581e+00 1.608621e-02
1.210818e+00 2.485547e+00 1.609488e-02
1.212016e+00 2.485513e+00 1.610355e-02
1.213213e+00 2.485479e+00 1.611222e-02
1.214410e+00 2.485445e+00 1.612089e-02
1.215608e+00 2.485411e+00 1.612955e-02
1.216805e+00 2.485377e+00 1.613825e-02
1.218003e+00 2.485347e+00 1.614731e-02
1.219200e+00 2.485317e+00 1.615638e-02
1.220398e+00 2.485287e+00 1.616544e-02
1.221607e+00 2.485257e+00 1.617459e-02
1.222805e+00 2.485227e+00 1.618365e-02
1.224002e+00 2.485197e+00 1.619272e-02
1.225199e+00 2.485167e+00 1.620178e-02
1.226397e+00 2.485137e+00 1.621084e-02
1.227594e+00 2.485107e+00 1.621990e-02
1.228792e+00 2.485077e+00 1.622897e-02
1.229989e+00 2.485047e+00 1.623803e-02
1.231187e+00 2.485017e+00 1.624709e-02
1.232384e+00 2.484987e+00 1.625615e-02
1.233593e+00 2.484956e+00 1.626531e-02
1.234791e+00 2.484926e+00 1.627437e-02
1.235988e+00 2.484896e+00 1.628343e-02
1.237186e+00 2.484866e+00 1.629250e-02
1.238383e+00 2.484835e+00 1.630192e-02
1.239581e+00 2.484803e+00 1.631173e-02
1.240778e+00 2.484771e+00 1.632155e-02
1.241975e+00 2.484739e+00 1.633137e-02
1.243173e+00 2.484707e+00 1.634118e-02
1.244370e+00 2.484675e+00 1.635100e-02
1.245580e+00 2.484643e+00 1.636091e-02
1.246777e+00 2.484611e+00 1.637072e-02
1.247975e+00 2.484579e+00 1.638054e-02
1.249172e+00 2.484547e+00 1.639035e-02
1.250370e+00 2.484515e+00 1.640017e-02
1.251567e+00 2.484483e+00 1.640998e-02
1.252764e+00 2.484451e+00 1.641980e-02
1.253962e+00 2.484419e+00 1.642962e-02
1.255159e+00 2.484387e+00 1.643943e-02
1.256357e+00 2.484355e+00 1.644925e-02
1.257566e+00 2.484323e+00 1.645916e-02
1.258764e+00 2.484291e+00 1.646897e-02
1.259961e+00 2.484262e+00 1.647933e-02
1.261158e+00 2.484235e+00 1.649008e-02
1.262356e+00 2.484208e+00 1.650083e-02
1.263553e+00 2.484181e+00 1.651158e-02
1.264751e+00 2.484155e+00 1.652233e-02
1.265948e+00 2.484128e+00 1.653308e-02
1.267146e+00 2.484101e+00 1.654383e-02
1.268343e+00 2.484074e+00 1.655459e-02
1.269552e+00 2.484047e+00 1.656544e-02
1.270750e+00 2.484020e+00 1.657619e-02
1.271947e+00 2.483993e+00 1.658695e-02
1.273145e+00 2.483966e+00 1.659770e-02
1.274342e+00 2.483939e+00 1.660845e-02
1.275540e+00 2.483913e+00 1.661920e-02
1.276737e+00 2.483886e+00 1.662995e-02
1.277935e+00 2.483859e+00 1.664070e-02
1.279132e+00 2.483832e+00 1.665145e-02
1.280329e+00 2.483805e+00 1.666220e-02
1.281539e+00 2.483778e+00 1.667280e-02
1.282736e+00 2.483752e+00 1.668282e-02
1.283934e+00 2.483726e+00 1.669284e-02
1.285131e+00 2.483701e+00 1.670287e-02
1.286329e+00 2.483675e+00 1.671289e-02
1.287526e+00 2.483649e+00 1.672292e-02
1.288723e+00 2.483623e+00 1.673294e-02
1.289921e+00 2.483597e+00 1.674296e-02
1.291118e+00 2.483571e+00 1.675299e-02
1.292316e+00 2.483545e+00 1.676301e-02
1.293513e+00 2.483519e+00 1.677304e-02
1.294723e+00 2.483493e+00 1.678316e-02
1.295920e+00 2.483467e+00 1.679318e-02
1.297117e+00 2.483441e+00 1.680321e-02
1.298315e+00 2.483415e+00 1.681323e-02
1.299512e+00 2.483389e+00 1.682326e-02
1.300710e+00 2.483364e+00 1.683328e-02
1.301907e+00 2.483338e+00 1.684331e-02
1.303105e+00 2.483312e+00 1.685333e-02
1.304302e+00 2.483287e+00 1.686329e-02
1.305500e+00 2.483262e+00 1.687323e-02
1.306709e+00 2.483236e+00 1.688328e-02
1.307906e+00 2.483211e+00 1.689322e-02
1.309104e+00 2.483186e+00 1.690316e-02
1.310301e+00 2.483161e+00 1.691311e-02
1.311499e+00 2.483136e+00 1.692305e-02
1.312696e+00 2.483111e+00 1.693300e-02
1.313894e+00 2.483086e+00 1.694294e-02
1.315091e+00 2.483061e+00 1.695289e-02
1.316288e+00 2.483036e+00 1.696283e-02
1.317486e+00 2.483011e+00 1.697277e-02
1.318695e+00 2.482986e+00 1.698282e-02
1.319893e+00 2.482961e+00 1.699276e-02
1.321090e+00 2.482936e+00 1.700271e-02
1.322288e+00 2.482911e+00 1.701265e-02
1.323485e+00 2.482886e+00 1.702259e-02
1.324682e+00 2.482860e+00 1.703254e-02
1.325880e+00 2.482835e+00 1.704248e-02
1.327077e+00 2.482811e+00 1.705263e-02
1.328275e+00 2.482787e+00 1.706278e-02
1.329472e+00 2.482763e+00 1.707293e-02
1.330682e+00 2.482738e+00 1.708318e-02
1.331879e+00 2.482714e+00 1.709333e-02
1.333076e+00 2.482690e+00 1.710348e-02
1.334274e+00 2.482666e+00 1.711363e-02
1.335471e+00 2.482642e+00 1.712378e-02
1.336669e+00 2.482617e+00 1.713393e-02
1.337866e+00 2.482593e+00 1.714408e-02
1.339064e+00 2.482569e+00 1.715423e-02
1.340261e+00 2.482545e+00 1.716438e-02
1.341459e+00 2.482521e+00 1.717453e-02
1.342668e+00 2.482496e+00 1.718479e-02
1.343865e+00 2.482472e+00 1.719494e-02
1.345063e+00 2.482448e+00 1.720509e-02
1.346260e+00 2.482424e+00 1.721524e-02
1.347458e+00 2.482399e+00 1.722539e-02
1.348655e+00 2.482375e+00 1.723554e-02
1.349853e+00 2.482352e+00 1.724606e-02
1.351050e+00 2.482328e+00 1.725667e-02
1.352247e+00 2.482305e+00 1.726729e-02
1.353445e+00 2.482282e+00 1.727790e-02
1.354654e+00 2.482258e+00 1.728862e-02
1.355852e+00 2.482235e+00 1.729924e-02
1.357049e+00 2.482211e+00 1.730985e-02
1.358247e+00 2.482188e+00 1.732047e-02
1.359444e+00 2.482164e+00 1.733108e-02
1.360641e+00 2.482141e+00 1.734169e-02
1.361839e+00 2.482118e+00 1.735231e-02
1.363036e+00 2.482094e+00 1.736292e-02
1.364234e+00 2.482071e+00 1.737354e-02
1.365431e+00 2.482047e+00 1.738415e-02
1.366641e+00 2.482024e+00 1.739487e-02
1.367838e+00 2.482000e+00 1.740549e-02
1.369035e+00 2.481977e+00 1.741610e-02
1.370233e+00 2.481954e+00 1.742672e-02
1.371430e+00 2.481930e+00 1.743733e-02
1.372628e+00 2.481907e+00 1.744822e-02
1.373825e+00 2.481885e+00 1.745978e-02
1.375023e+00 2.481862e+00 1.747135e-02
1.376220e+00 2.481840e+00 1.748292e-02
1.377418e+00 2.481817e+00 1.749448e-02
1.378627e+00 2.481794e+00 1.750617e-02
1.379824e+00 2.481772e+00 1.751773e-02
1.381022e+00 2.481749e+00 1.752930e-02
1.382219e+00 2.481727e+00 1.754087e-02
1.383417e+00 2.481704e+00 1.755244e-02
1.384614e+00 2.481682e+00 1.756400e-02
1.385812e+00 2.481659e+00 1.757557e-02
1.387009e+00 2.481636e+00 1.758714e-02
1.388206e+00 2.481614e+00 1.759871e-02
1.389404e+00 2.481591e+00 1.761027e-02
1.390613e+00 2.481569e+00 1.762196e-02
1.391811e+00 2.481546e+00 1.763352e-02
1.393008e+00 2.481523e+00 1.764509e-02
1.394206e+00 2.481501e+00 1.765666e-02
1.395403e+00 2.481478e+00 1.766822e-02
1.396600e+00 2.481458e+00 1.767962e-02
1.397798e+00 2.481439e+00 1.769079e-02
1.398995e+00 2.481421e+00 1.770195e-02
1.400193e+00 2.481402e+00 1.771312e-02
1.401390e+00 2.481384e+00 1.772429e-02
1.402600e+00 2.481366e+00 1.773557e-02
1.403797e+00 2.481347e+00 1.774673e-02
1.404995e+00 2.481329e+00 1.775790e-02
1.406192e+00 2.481310e+00 1.776907e-02
1.407389e+00 2.481292e+00 1.778023e-02
1.408587e+00 2.481274e+00 1.779140e-02
1.409784e+00 2.481255e+00 1.780257e-02
1.410982e+00 2.481237e+00 1.781373e-02
1.412179e+00 2.481218e+00 1.782490e-02
1.413377e+00 2.481200e+00 1.783607e-02
1.414586e+00 2.481181e+00 1.784735e-02
1.415783e+00 2.481163e+00 1.785851e-02
1.416981e+00 2.481145e+00 1.786968e-02
1.418178e+00 2.481126e+00 1.788085e-02
1.419376e+00 2.481108e+00 1.789202e-02
1.420573e+00 2.481089e+00 1.790297e-02
1.421771e+00 2.481069e+00 1.791326e-02
1.422968e+00 2.481050e+00 1.792356e-02
1.424165e+00 2.481030e+00 1.793385e-02
1.425363e+00 2.481010e+00 1.794414e-02
1.426560e+00 2.480990e+00 1.795443e-02
1.427770e+00 2.480971e+00 1.796482e-02
1.428967e+00 2.480951e+00 1.797511e-02
1.430165e+00 2.480931e+00 1.798540e-02
1.431362e+00 2.480911e+00 1.799570e-02
1.432560e+00 2.480892e+00 1.800599e-02
1.433757e+00 2.480872e+00 1.801628e-02
1.434954e+00 2.480852e+00 1.802657e-02
1.436152e+00 2.480832e+00 1.803686e-02
1.437349e+00 2.480813e+00 1.804715e-02
1.438547e+00 2.480793e+00 1.805744e-02
1.439756e+00 2.480773e+00 1.806784e-02
1.440954e+00 2.480753e+00 1.807813e-02
1.442151e+00 2.480734e+00 1.808842e-02
1.443348e+00 2.480714e+00 1.809871e-02
1.444546e+00 2.480694e+00 1.810900e-02
1.445743e+00 2.480674e+00 1.812023e-02
1.446941e+00 2.480654e+00 1.813187e-02
1.448138e+00 2.480633e+00 1.814351e-02
1.449336e+00 2.480613e+00 1.815515e-02
1.450533e+00 2.480592e+00 1.816679e-02
1.451742e+00 2.480572e+00 1.817854e-02
1.452940e+00 2.480552e+00 1.819018e-02
1.454137e+00 2.480531e+00 1.820182e-02
1.455335e+00 2.480511e+00 1.821346e-02
1.456532e+00 2.480490e+00 1.822510e-02
1.457730e+00 2.480470e+00 1.823674e-02
1.458927e+00 2.480450e+00 1.824838e-02
1.460125e+00 2.480429e+00 1.826003e-02
1.461322e+00 2.480409e+00 1.827167e-02
1.462519e+00 2.480389e+00 1.828331e-02
1.463729e+00 2.480368e+00 1.829506e-02
1.464926e+00 2.480348e+00 1.830670e-02
1.466124e+00 2.480327e+00 1.831834e-02
1.467321e+00 2.480307e+00 1.832998e-02
1.468519e+00 2.480287e+00 1.834162e-02
1.469716e+00 2.480266e+00 1.835326e-02
1.470913e+00 2.480250e+00 1.836471e-02
1.472111e+00 2.480235e+00 1.837612e-02
1.473308e+00 2.480220e+00 1.838752e-02
1.474506e+00 2.480204e+00 1.839892e-02
1.475715e+00 2.480189e+00 1.841044e-02
1.476913e+00 2.480174e+00 1.842184e-02
1.478110e+00 2.480158e+00 1.843324e-02
1.479307e+00 2.480143e+00 1.844464e-02
1.480505e+00 2.480128e+00 1.845605e-02
1.481702e+00 2.480113e+00 1.846745e-02
1.482900e+00 2.480097e+00 1.847885e-02
1.484097e+00 2.480082e+00 1.849025e-02
1.485295e+00 2.480067e+00 1.850166e-02
1.486492e+00 2.480052e+00 1.851306e-02
1.487701e+00 2.480036e+00 1.852457e-02
1.488899e+00 2.480021e+00 1.853598e-02
1.490096e+00 2.480006e+00 1.854738e-02
1.491294e+00 2.479990e+00 1.855878e-02
1.492491e+00 2.479975e+00 1.857018e-02
1.493689e+00 2.479960e+00 1.858159e-02
1.494886e+00 2.479945e+00 1.859299e-02
1.496084e+00 2.479927e+00 1.860435e-02
1.497281e+00 2.479909e+00 1.861569e-02
1.498478e+00 2.479890e+00 1.862702e-02
1.499688e+00 2.479871e+00 1.863847e-02
1.500885e+00 2.479852e+00 1.864980e-02
1.502083e+00 2.479833e+00 1.866114e-02
1.503280e+00 2.479814e+00 1.867247e-02
1.504478e+00 2.479795e+00 1.868381e-02
1.505675e+00 2.479776e+00 1.869514e-02
1.506872e+00 2.479757e+00 1.870647e-02
1.508070e+00 2.479738e+00 1.871781e-02
1.509267e+00 2.479720e+00 1.872914e-02
1.510465e+00 2.479701e+00 1.874048e-02
1.511674e+00 2.479682e+00 1.875192e-02
1.512872e+00 2.479663e+00 1.876326e-02
1.514069e+00 2.479644e+00 1.877459e-02
1.515266e+00 2.479625e+00 1.878593e-02
1.516464e+00 2.479606e+00 1.879726e-02
1.517661e+00 2.479587e+00 1.880859e-02
1.518859e+00 2.479568e+00 1.881993e-02
1.520056e+00 2.479549e+00 1.883126e-02
1.521254e+00 2.479531e+00 1.884260e-02
1.522451e+00 2.479516e+00 1.885413e-02
1.523660e+00 2.479502e+00 1.886580e-02
1.524858e+00 2.479488e+00 1.887735e-02
1.526055e+00 2.479474e+00 1.888891e-02
1.527253e+00 2.479460e+00 1.890046e-02
1.528450e+00 2.479445e+00 1.891202e-02
1.529648e+00 2.479431e+00 1.892357e-02
1.530845e+00 2.479417e+00 1.893513e-02
1.532043e+00 2.479403e+00 1.894668e-02
1.533240e+00 2.479389e+00 1.895823e-02
1.534437e+00 2.479375e+00 1.896979e-02
1.535647e+00 2.479361e+00 1.898146e-02
1.536844e+00 2.479347e+00 1.899301e-02
1.538042e+00 2.479333e+00 1.900457e-02
1.539239e+00 2.479319e+00 1.901612e-02
1.540437e+00 2.479304e+00 1.902768e-02
1.541634e+00 2.479290e+00 1.903923e-02
1.542831e+00 2.479276e+00 1.905079e-02
1.544029e+00 2.479262e+00 1.906234e-02
1.545226e+00 2.479248e+00 1.907389e-02
1.546424e+00 2.479234e+00 1.908545e-02
1.547633e+00 2.479220e+00 1.909712e-02
1.548831e+00 2.479202e+00 1.910904e-02
1.550028e+00 2.479184e+00 1.912101e-02
1.551225e+00 2.479167e+00 1.913298e-02
1.552423e+00 2.479149e+00 1.914495e-02
1.553620e+00 2.479131e+00 1.915691e-02
1.554818e+00 2.479113e+00 1.916888e-02
1.556015e+00 2.479095e+00 1.918085e-02
1.557213e+00 2.479077e+00 1.919281e-02
1.558410e+00 2.479059e+00 1.920478e-02
1.559608e+00 2.479041e+00 1.921675e-02
1.560817e+00 2.479023e+00 1.922884e-02
1.562014e+00 2.479005e+00 1.924080e-02
1.563212e+00 2.478987e+00 1.925277e-02
1.564409e+00 2.478969e+00 1.926474e-02
1.565607e+00 2.478951e+00 1.927671e-02
1.566804e+00 2.478934e+00 1.928867e-02
1.568002e+00 2.478916e+00 1.930064e-02
1.569199e+00 2.478898e+00 1.931261e-02
1.570396e+00 2.478880e+00 1.932457e-02
1.571594e+00 2.478862e+00 1.933654e-02
1.572803e+00 2.478844e+00 1.934863e-02
1.574001e+00 2.478826e+00 1.936060e-02
1.575198e+00 2.478811e+00 1.937290e-02
1.576396e+00 2.478798e+00 1.938554e-02
1.577593e+00 2.478786e+00 1.939818e-02
1.578790e+00 2.478773e+00 1.941081e-02
1.579988e+00 2.478761e+00 1.942345e-02
1.581185e+00 2.478748e+00 1.943609e-02
1.582383e+00 2.478736e+00 1.944872e-02
1.583580e+00 2.478724e+00 1.946136e-02
1.584790e+00 2.478711e+00 1.947412e-02
1.585987e+00 2.478699e+00 1.948676e-02
1.587185e+00 2.478686e+00 1.949940e-02
1.588382e+00 2.478674e+00 1.951203e-02
1.589579e+00 2.478661e+00 1.952467e-02
1.590777e+00 2.478649e+00 1.953731e-02
1.591974e+00 2.478636e+00 1.954994e-02
1.593172e+00 2.478624e+00 1.956258e-02
1.594369e+00 2.478611e+00 1.957522e-02
1.595567e+00 2.478599e+00 1.958786e-02
1.596776e+00 2.478586e+00 1.960062e-02
1.597973e+00 2.478574e+00 1.961326e-02
1.599171e+00 2.478561e+00 1.962589e-02
1.600368e+00 2.478549e+00 1.963853e-02
1.601566e+00 2.478536e+00 1.965117e-02
1.602763e+00 2.478523e+00 1.966308e-02
1.603961e+00 2.478510e+00 1.967473e-02
1.605158e+00 2.478496e+00 1.968637e-02
1.606355e+00 2.478483e+00 1.969802e-02
1.607553e+00 2.478469e+00 1.970966e-02
1.608762e+00 2.478455e+00 1.972142e-02
1.609960e+00 2.478442e+00 1.973307e-02
1.611157e+00 2.478428e+00 1.974471e-02
1.612355e+00 2.478415e+00 1.975636e-02
1.613552e+00 2.478401e+00 1.976800e-02
1.614750e+00 2.478388e+00 1.977965e-02
1.615947e+00 2.478374e+00 1.979129e-02
1.617144e+00 2.478361e+00 1.980294e-02
1.618342e+00 2.478347e+00 1.981458e-02
1.619539e+00 2.478334e+00 1.982623e-02
1.620749e+00 2.478320e+00 1.983799e-02
1.621946e+00 2.478307e+00 1.984964e-02
1.623144e+00 2.478293e+00 1.986128e-02
1.624341e+00 2.478280e+00 1.987293e-02
1.625538e+00 2.478266e+00 1.988457e-02
1.626736e+00 2.478253e+00 1.989622e-02
1.627933e+00 2.478239e+00 1.990786e-02
1.629131e+00 2.478226e+00 1.991951e-02
1.630328e+00 2.478212e+00 1.993113e-02
1.631526e+00 2.478200e+00 1.994275e-02
1.632735e+00 2.478187e+00 1.995447e-02
1.633932e+00 2.478174e+00 1.996609e-02
1.635130e+00 2.478161e+00 1.997770e-02
1.636327e+00 2.478148e+00 1.998931e-02
1.637525e+00 2.478136e+00 2.000093e-02
1.638722e+00 2.478123e+00 2.001254e-02
1.639920e+00 2.478110e+00 2.002415e-02
1.641117e+00 2.478097e+00 2.003576e-02
1.642314e+00 2.478085e+00 2.004738e-02
1.643512e+00 2.478072e+00 2.005899e-02
1.644721e+00 2.478059e+00 2.007072e-02
1.645919e+00 2.478046e+00 2.008233e-02
1.647116e+00 2.478033e+00 2.009394e-02
1.648314e+00 2.478021e+00 2.010556e-02
1.649511e+00 2.478008e+00 2.011717e-02
1.650709e+00 2.477995e+00 2.012878e-02
1.651906e+00 2.477982e+00 2.014039e-02
1.653103e+00 2.477970e+00 2.015201e-02
1.654301e+00 2.477957e+00 2.016362e-02
1.655498e+00 2.477944e+00 2.017523e-02
1.656708e+00 2.477931e+00 2.018696e-02
1.657905e+00 2.477919e+00 2.019857e-02
1.659103e+00 2.477904e+00 2.021098e-02
1.660300e+00 2.477890e+00 2.022341e-02
1.661497e+00 2.477876e+00 2.023583e-02
1.662695e+00 2.477862e+00 2.024825e-02
1.663892e+00 2.477848e+00 2.026067e-02
1.665090e+00 2.477834e+00 2.027310e-02
1.666287e+00 2.477820e+00 2.028552e-02
1.667485e+00 2.477806e+00 2.029794e-02
1.668694e+00 2.477792e+00 2.031049e-02
1.669891e+00 2.477778e+00 2.032291e-02
1.671089e+00 2.477764e+00 2.033533e-02
1.672286e+00 2.477750e+00 2.034776e-02
1.673484e+00 2.477736e+00 2.036018e-02
1.674681e+00 2.477722e+00 2.037260e-02
1.675879e+00 2.477708e+00 2.038502e-02
1.677076e+00 2.477694e+00 2.039745e-02
1.678274e+00 2.477680e+00 2.040987e-02
1.679471e+00 2.477666e+00 2.042229e-02
1.680680e+00 2.477651e+00 2.043484e-02
1.681878e+00 2.477637e+00 2.044726e-02
1.683075e+00 2.477623e+00 2.045968e-02
1.684273e+00 2.477609e+00 2.047211e-02
1.685470e+00 2.477595e+00 2.048453e-02
1.686668e+00 2.477581e+00 2.049695e-02
